123.4
178.9
156.7
89.3
134.5
172.1
98.7
145.6
163.2
112.8
157.4
186.5
104.3
139.7
174.2
91.6
153.8
167.9
120.5
132.4
160.3
182.7
108.9
148.2
170.6
96.1
141.5
176.8
115.4
129.3
165.7
188.4
102.6
137.8
179.5
93.2
151.6
169.4
118.7
126.5
162.9
184.3
106.2
146.7
173.5
99.1
143.8
177.3
113.5
131.2
158.6
181.9
110.4
149.3
171.8
95.7
140.2
175.6
116.9
128.4
166.3
187.2
103.5
138.9
180.4
92.5
152.7
168.1
119.6
127.3
161.5
183.7
107.8
147.9
172.4
100.2
144.6
178.5
114.7
130.1
159.2
185.8
111.3
150.4
170.9
97.4
142.1
176.3
117.8
125.9
164.2
189.1
105.6
136.4
181.7
94.8
154.3
169.8
121.7
133.6
157.1
186.2
109.5
145.8
174.9
